CODIGOPAIS,PAIS,CONTINENTEXP,TOTALCASOS,TOTALMUERTES,POBLACION,UTIL_SER_BASIC_T_A,UTIL_SER_BASIC_T,UTIL_SER_BASIC_U,UTIL_SER_BASIC_GER_T_A,UTIL_SER_BASIC_GER_T,UTIL_SER_BASIC_GER_U
LBY,Libya,Africa,90779,1299,6777453,000000,100,0,0,0,0,0
SMR,SanMarino,Europe,1947,51,34453,000000,100,0,0,100,0,0
BWA,Botswana,Africa,12501,37,2303703,000000,92,98,79,0,83,0
VGB,BritishVirginIslands,America,76,1,30033,000000,0,0,0,0,0,0
QAT,Qatar,Asia,140961,240,2832071,000000,100,0,0,96,0,0
CUB,Cuba,America,9423,137,11333484,000000,97,98,94,0,0,0
IMN,IsleofMan,Europe,370,25,84589,000000,0,0,0,0,0,0
SXM,SintMaarten,America,1232,26,42389,000000,0,0,0,0,0,0
MWI,Malawi,Africa,6066,187,18628749,000000,70,86,67,0,0,0
MRT,Mauritania,Africa,10780,222,4525698,000000,72,89,50,0,0,0
RUS,Russia,Europe,2653928,46941,145872260,000000,0,0,0,0,0,0
BOL,Bolivia,America,147150,9018,11513102,000000,0,0,0,0,0,0
URY,Uruguay,America,9708,92,3461731,000000,99,100,95,0,95,0
BRN,BruneiDarussalam,Asia,152,3,433296,000000,100,100,0,0,0,0
PER,Peru,America,984973,36677,32510462,000000,93,97,81,51,59,22
SSD,SouthSudan,Africa,3206,62,11062114,000000,41,70,34,0,0,0
JPN,Japan,Asia,179653,2585,126860299,000000,99,0,0,99,0,0
THA,Thailand,Asia,4237,60,69625581,000000,100,100,100,0,0,0
CHL,Chile,America,571919,15886,18952035,000000,100,100,100,99,99,0
DNK,Denmark,Europe,109758,941,5806081,000000,100,100,100,97,0,0
ITA,Italy,Europe,1843712,64520,60359546,000000,100,0,0,96,0,0
BHS,Bahamas,America,7674,163,389486,000000,0,0,0,0,0,0
LVA,Latvia,Europe,25675,349,1919968,000000,99,99,99,96,0,0
AUT,Austria,Europe,320036,4400,8858775,000000,100,100,100,99,0,0
LCA,SaintLucia,America,275,4,182795,000000,97,97,97,0,0,0
UGA,Uganda,Africa,27532,221,44269587,000000,56,79,48,17,43,8
NZL,NewZealand,Oceania,1740,25,4783062,000000,100,100,100,100,0,0
VNM,Vietnam,Asia,1397,35,96462108,000000,97,99,96,0,0,0
DZA,Algeria,Africa,92102,2596,43053054,000000,94,96,90,72,74,69
LTU,Lithuania,Europe,95021,825,2794184,000000,98,100,94,95,99,0
STP,SaoTomeandPrincipe,Africa,1009,17,215048,000000,78,80,74,36,40,25
ZMB,Zambia,Africa,18274,367,17861034,000000,65,87,48,0,50,0
GBR,UnitedKingdom,Europe,1849403,64170,66647112,000000,0,0,0,0,0,0
PHL,Philippines,Asia,449400,8733,108116622,000000,94,97,91,47,62,35
IDN,Indonesia,Asia,617820,18819,270625567,000000,92,98,86,0,0,0
VEN,Venezuela,America,107177,949,28515829,000000,0,0,0,0,0,0
GAB,Gabon,Africa,9330,63,2172578,000000,85,90,45,0,0,0
HND,Honduras,America,114359,2975,9746115,000000,96,100,90,0,0,19
CNG1925,Taiwan,Asia,740,7,23773881,000000,0,0,0,0,0,0
MEX,Mexico,America,1250044,113953,127575529,000000,100,100,98,43,0,0
GEO,Georgia,Europe,191063,1839,3996762,000000,97,99,94,66,84,40
GGY,Guernsey,Europe,289,13,64468,000000,0,0,0,0,0,0
FJI,Fiji,Oceania,46,2,889955,000000,94,98,89,0,0,0
MDA,Moldova,Europe,126518,2572,4043258,000000,0,0,0,0,0,0
MDG,Madagascar,Africa,17638,258,26969306,000000,53,80,36,21,38,9
ARM,Armenia,Europe,148682,2503,2957728,000000,100,100,100,87,0,0
UKR,Ukraine,Europe,900666,15247,43993643,000000,94,91,100,89,89,90
LBN,Lebanon,Asia,146520,1200,6855709,000000,93,0,0,48,0,0
PSE,Palestine,Asia,124657,1079,4981422,000000,0,0,0,0,0,0
ESH,WesternSahara,Africa,766,1,582458,000000,0,0,0,0,0,0
TCA,TurksandCaicosislands,America,769,6,38194,000000,0,0,0,0,0,0
TGO,Togo,Africa,3251,66,8082359,000000,69,91,52,20,37,7
ABW,Aruba,America,5049,46,106310,000000,0,0,0,0,0,0
SLB,SolomonIslands,Oceania,17,0,669821,000000,67,91,59,0,0,0
GHA,Ghana,Africa,53014,327,30417858,000000,86,96,72,41,60,16
IND,India,Asia,9884100,143355,1366417756,000000,90,94,89,0,0,56
CUW,Curaçao,America,3624,11,163423,000000,0,0,0,0,0,0
BHR,Bahrain,Asia,89143,348,1641164,000000,100,0,0,99,0,0
KHM,Cambodia,Asia,359,0,16486542,000000,71,90,65,28,57,18
MLI,Mali,Africa,5814,194,19658023,000000,83,96,72,0,0,0
MYS,Malaysia,Asia,83475,415,31949789,000000,97,99,90,94,0,0
AUS,Australia,Oceania,28031,908,25203200,000000,100,100,100,0,99,0
BES,Bonaire, Saint Eustatius and Saba,America,173,3,25983,000000,0,0,0,0,0,0
DJI,Djibouti,Africa,5728,61,973557,000000,76,84,47,0,0,0
TJK,Tajikistan,Asia,12704,88,9321023,000000,82,96,77,55,0,0
MMR,Myanmar,Asia,108342,2268,54045422,000000,84,95,78,59,74,52
CHN,China,Asia,92021,4739,1433783692,000000,94,97,90,0,95,0
FIN,Finland,Europe,30810,453,5517919,000000,100,100,100,100,0,0
GTM,Guatemala,America,129282,4423,17581476,000000,94,98,90,56,65,46
CYM,CaymanIslands,America,298,2,64948,000000,0,0,0,0,0,0
DOM,DominicanRepublic,America,154692,2361,10738957,000000,97,98,90,0,0,0
SVK,Slovakia,Europe,132984,1175,5450421,000000,100,100,100,99,0,0
ZWE,Zimbabwe,Africa,11246,307,14645473,000000,63,93,48,30,65,13
ECU,Ecuador,America,202110,13875,17373657,000000,95,100,87,67,75,53
SGP,Singapore,Asia,58320,29,5804343,000000,100,100,0,100,100,0
TUN,Tunisia,Africa,111361,3894,11694721,000000,98,99,94,79,84,69
COG,Congo,Africa,6049,99,5380504,000000,74,87,46,46,59,19
VAT,HolySee,Europe,26,0,815,000000,0,0,0,0,0,0
VIR,UnitedStatesVirginIslands,America,1807,23,104579,000000,0,0,0,0,0,0
AFG,Afghanistan,Asia,49273,1959,38041757,000000,75,100,66,28,36,24
CZE,Czechia,Europe,581079,9609,10649800,000000,100,100,100,98,98,98
NIC,Nicaragua,America,5887,162,6545503,000000,82,97,59,56,67,39
SDN,Sudan,Africa,21386,1347,42813237,000000,60,74,53,0,0,0
CPV,CapeVerde,Africa,11357,110,549936,000000,0,0,0,0,0,0
NAM,Namibia,Africa,16536,160,2494524,000000,84,96,71,0,0,0
BMU,Bermuda,America,431,9,62508,000000,0,0,0,0,0,0
NCL,NewCaledonia,Oceania,36,0,282757,000000,0,0,0,0,0,0
TCD,Chad,Africa,1770,102,15946882,000000,46,74,38,6,17,2
LIE,Liechtenstein,Europe,1514,18,38378,000000,0,0,0,0,0,0
TZA,UnitedRepublicofTanzania,Africa,509,21,58005461,000000,61,89,45,0,0,0
NOR,Norway,Europe,40022,387,5328212,000000,100,100,100,99,0,0
,CasesonaninternationalconveyanceJapan,Other,696,7,,000000,0,0,0,0,0,0
NLD,Netherlands,Europe,612746,10034,17282163,000000,100,100,100,100,0,0
TUR,Turkey,Europe,995471,16199,82003882,000000,0,0,0,0,0,0
BLR,Belarus,Europe,160295,1263,9452409,000000,97,96,99,95,0,0
SEN,Senegal,Africa,17075,349,16296362,000000,85,95,75,0,0,0
OMN,Oman,Asia,126240,1471,4974992,000000,92,95,76,91,0,0
CIV,CotedIvoire,Africa,21680,133,25716554,000000,0,0,0,0,0,0
GUY,Guyana,America,5920,155,782775,000000,96,100,94,0,0,0
GRC,Greece,Europe,124534,3625,10724599,000000,100,100,100,100,0,0
JOR,Jordan,Asia,259614,3365,10101697,000000,99,99,97,86,0,0
MNP,NorthernMarianaIslands,Oceania,113,2,57213,000000,0,0,0,0,0,0
YEM,Yemen,Asia,2083,606,29161922,000000,61,77,51,0,0,0
SRB,Serbia,Europe,266432,2331,6963764,000000,95,95,96,75,82,67
HTI,Haiti,America,9565,234,11263079,000000,67,85,43,0,0,0
EST,Estonia,Europe,18055,149,1324820,000000,100,100,0,96,0,0
GUM,Guam,Oceania,7106,118,167295,000000,0,0,0,0,0,0
SVN,Slovenia,Europe,96314,1459,2080908,000000,100,0,0,98,0,0
HUN,Hungary,Europe,283870,7130,9772756,000000,100,100,100,93,94,89
PRT,Portugal,Europe,348744,5559,10276617,000000,100,100,100,95,97,93
ATG,AntiguaandBarbuda,America,148,4,97115,000000,0,0,0,0,0,0
BEL,Belgium,Europe,608001,17951,11455519,000000,100,100,100,100,0,0
MNE,Montenegro,Europe,41426,582,622182,000000,99,99,98,85,87,0
BEN,Benin,Africa,3090,44,11801151,000000,65,73,58,0,0,0
COL,Colombia,America,1425774,39053,50339443,000000,97,100,87,73,80,40
AZE,Azerbaijan,Europe,175874,1922,10047719,000000,96,100,91,88,96,78
IRQ,Iraq,Asia,574634,12579,39309789,000000,98,100,95,60,65,48
MLT,Malta,Europe,11101,166,493559,000000,100,100,100,100,0,0
CHE,Switzerland,Europe,372329,5378,8544527,000000,100,100,100,94,0,0
MAR,Morocco,Africa,399609,6624,36471766,000000,90,98,77,80,91,61
BGD,Bangladesh,Asia,490533,7052,163046173,000000,98,97,98,59,53,62
ALB,Albania,Europe,48530,1003,2862427,000000,95,96,94,71,0,0
ISL,Iceland,Europe,5557,28,356991,000000,100,100,100,100,0,0
GNB,GuineaBissau,Africa,2444,44,1920917,000000,0,0,0,0,0,0
ARE,UnitedArabEmirates,Asia,184949,617,9770526,000000,100,0,0,0,0,0
CAF,CentralAfricanRepublic,Africa,4936,63,4745179,000000,37,50,28,6,12,2
KWT,Kuwait,Asia,146218,911,4207077,000000,100,0,0,100,0,0
LKA,SriLanka,Asia,32790,152,21323734,000000,92,100,91,0,93,0
BTN,Bhutan,Asia,438,0,763094,000000,97,98,97,37,49,28
COM,Comoros,Africa,628,7,850891,000000,0,0,0,0,0,0
LBR,Liberia,Africa,1676,83,4937374,000000,75,86,64,0,0,0
LUX,Luxembourg,Europe,41272,396,613894,000000,100,100,99,99,100,97
BDI,Burundi,Africa,729,1,11530577,000000,62,91,58,0,0,0
JEY,Jersey,Europe,1779,32,107796,000000,0,0,0,0,0,0
MHL,MarshallIslands,Oceania,4,0,58791,000000,89,87,94,0,0,0
SWE,Sweden,Europe,320098,7514,10230185,000000,100,100,100,100,0,0
VUT,Vanuatu,Oceania,1,0,299882,000000,91,100,88,0,57,0
GIB,Gibraltar,Europe,1075,5,33706,000000,0,0,0,0,0,0
GNQ,EquatorialGuinea,Africa,5185,85,1355982,000000,0,0,0,0,0,0
IRL,Ireland,Europe,76185,2124,4904240,000000,97,97,98,97,0,0
USA,UnitedStatesofAmerica,America,16256754,299177,329064917,000000,100,100,100,97,97,0
ISR,Israel,Asia,357859,2999,8519373,000000,100,100,100,99,99,99
SLV,ElSalvador,America,41880,1205,6453550,000000,98,100,93,0,77,0
TTO,TrinidadandTobago,America,6879,122,1394969,000000,99,0,0,0,0,0
CYP,Cyprus,Europe,15101,78,875899,000000,100,100,100,100,0,0
GRL,Greenland,America,19,0,56660,000000,0,0,0,0,0,0
KNA,SaintKittsandNevis,America,27,0,52834,000000,0,0,0,0,0,0
MSF,Montserrat,America,13,1,4991,000000,0,0,0,0,0,0
RWA,Rwanda,Africa,6659,56,12626938,000000,60,83,56,12,46,5
SUR,Suriname,America,5353,117,581363,000000,98,99,97,56,63,41
KGZ,Kyrgyzstan,Asia,77674,1312,6415851,000000,92,99,87,70,92,57
AGO,Angola,Africa,16188,371,31825299,000000,57,72,28,0,0,0
BRB,Barbados,America,292,7,287021,000000,99,0,0,0,0,0
DMA,Dominica,America,87,0,71808,000000,0,0,0,0,0,0
MUS,Mauritius,Africa,515,10,1269670,000000,100,100,100,0,0,0
MNG,Mongolia,Asia,912,0,3225166,000000,85,97,61,30,39,11
ZAF,SouthAfrica,Africa,860964,23276,58558267,000000,94,99,83,0,81,0
BFA,BurkinaFaso,Africa,4030,71,20321383,000000,47,80,33,0,0,0
IRN,Iran,Asia,1108269,52196,82913893,000000,0,0,0,0,0,0
ESP,Spain,Europe,1730575,47624,46937060,000000,100,100,100,100,100,99
FRA,France,Europe,2376852,57911,67012883,000000,100,100,100,99,100,0
PNG,PapuaNewGuinea,Oceania,725,8,8776119,000000,45,86,39,0,0,0
EGY,Egypt,Africa,121575,6920,100388076,000000,99,100,99,0,0,0
ETH,Ethiopia,Africa,116769,1806,112078727,000000,50,84,40,13,39,5
MDV,Maldives,Asia,13368,48,530957,000000,100,99,100,0,0,0
VCT,SaintVincentandtheGrenadines,America,98,0,110593,000000,0,0,0,0,0,0
CAN,Canada,America,460743,13431,37411038,000000,99,99,99,99,0,0
NER,Niger,Africa,2258,80,23310719,000000,47,86,39,0,0,0
COD,DemocraticRepublicoftheCongo,Africa,14512,355,86790568,000000,46,75,22,19,40,1
SOM,Somalia,Africa,4579,121,15442906,000000,56,79,37,0,0,0
SYR,Syria,Asia,9166,518,17070132,000000,0,0,0,0,0,0
KOR,SouthKorea,Asia,43484,587,51225321,000000,0,0,0,0,0,0
BGR,Bulgaria,Europe,179449,5688,7000039,000000,99,100,97,98,0,0
BRA,Brazil,America,6901952,181402,211049519,000000,99,100,96,86,88,72
JAM,Jamaica,America,11710,273,2948277,000000,91,95,85,0,0,0
PYF,FrenchPolynesia,Oceania,15618,91,279285,000000,0,0,0,0,0,0
FRO,FaroeIslands,Europe,528,0,48677,000000,0,0,0,0,0,0
GIN,Guinea,Africa,13420,79,12771246,000000,64,87,51,0,0,0
GRD,Grenada,America,69,0,112002,000000,0,0,0,0,0,0
HRV,Croatia,Europe,175886,2640,4076246,000000,0,100,0,0,94,0
AIA,Anguilla,America,10,0,14872,000000,0,0,0,0,0,0
KEN,Kenya,Africa,91892,1587,52573967,000000,62,87,52,0,58,0
PRY,Paraguay,America,93582,1953,7044639,000000,100,100,99,64,72,51
SWZ,Eswatini,Africa,6768,127,1148133,000000,71,97,62,0,89,0
NGA,Nigeria,Africa,73175,1197,200963603,000000,78,92,62,22,25,18
ROU,Romania,Europe,556335,13385,19414458,000000,100,100,100,82,95,67
CRI,CostaRica,America,150947,1895,5047561,000000,100,100,100,81,80,81
MCO,Monaco,Europe,668,2,33085,000000,100,100,0,100,100,0
PAN,Panama,America,193007,3356,4246440,000000,94,98,86,0,0,0
MKD,NorthMacedonia,Europe,73638,2121,2077132,000000,98,98,97,77,85,66
CMR,Cameroon,Africa,25143,443,25876387,000000,66,82,44,0,0,0
LAO,Laos,Asia,41,0,7169456,000000,0,0,0,0,0,0
MOZ,Mozambique,Africa,16954,142,30366043,000000,63,88,49,0,0,0
NPL,Nepal,Asia,248423,1698,28608715,000000,90,90,90,18,25,16
TLS,TimorLeste,Asia,31,0,1293120,000000,0,0,0,0,0,0
FLK,FalklandIslands(Malvinas),America,19,0,3372,000000,0,0,0,0,0,0
LSO,Lesotho,Africa,2250,44,2125267,000000,72,93,64,29,78,9
PAK,Pakistan,Asia,440787,8832,216565317,000000,90,93,89,36,40,33
PRI,PuertoRico,America,107158,1272,2933404,000000,0,0,0,0,0,0
UZB,Uzbekistan,Asia,75094,612,32981715,000000,98,100,96,59,86,31
,WallisandFutuna,Oceania,3,0,,000000,0,0,0,0,0,0
ERI,Eritrea,Africa,711,0,3497117,000000,0,0,0,0,0,0
AND,Andorra,Europe,7338,79,76177,000000,100,100,100,91,0,0
XKX,Kosovo,Europe,46580,1198,1798506,000000,0,0,0,0,0,0
DEU,Germany,Europe,1337078,21975,83019213,000000,100,100,100,100,0,0
SAU,SaudiArabia,Asia,359888,6048,34268529,000000,100,0,0,0,0,0
KAZ,Kazakhstan,Asia,186277,2552,18551428,000000,95,98,92,89,0,0
POL,Poland,Europe,1135676,22864,37972812,000000,100,100,100,98,0,0
BIH,BosniaandHerzegovina,Europe,101117,3336,3300998,000000,96,95,97,89,0,0
SYC,Seychelles,Africa,187,0,97741,000000,0,0,0,0,0,0
SLE,SierraLeone,Africa,2440,75,7813207,000000,64,78,53,11,13,9
GMB,Gambia,Africa,3782,123,2347696,000000,81,88,69,45,67,8
ARG,Argentina,America,1498160,40766,44780675,000000,0,100,0,0,0,0
BLZ,Belize,America,9295,195,390351,000000,98,99,98,0,0,0
